a)
    A = 5.3125

    s = 0                           S = s = 0
    e = 2 = 0x2 = 0b10 (2^e = 4)    E = 127 + e = 129 = 0b1000_0001
    m = A / 2^e = 1.328125          M = 1 - m = 0.328125 = 0b0101_0100_0000_0000_0000
